
SUMMARISING RUN PARAMETERS
==========================
Input filename: Cala2.SRR33638434_1.fastq.gz
Trimming mode: paired-end
Trim Galore version: 0.6.7
Cutadapt version: 3.5
Number of cores used for trimming: 1
Quality Phred score cutoff: 30
Quality encoding type selected: ASCII+33
Using Illumina adapter for trimming (count: 46647). Second best hit was Nextera (count: 10)
Adapter sequence: 'AGATCGGAAGAGC' (Illumina TruSeq, Sanger iPCR; auto-detected)
Maximum trimming error rate: 0.1 (default)
Minimum required adapter overlap (stringency): 1 bp
Minimum required sequence length for both reads before a sequence pair gets removed: 20 bp
Output file will be GZIP compressed


This is cutadapt 3.5 with Python 3.10.12
Command line parameters: -j 1 -e 0.1 -q 30 -O 1 -a AGATCGGAAGAGC Cala2.SRR33638434_1.fastq.gz
Processing reads on 1 core in single-end mode ...
Finished in 2188.86 s (32 µs/read; 1.89 M reads/minute).

=== Summary ===

Total reads processed:              69,047,773
Reads with adapters:                27,763,507 (40.2%)
Reads written (passing filters):    69,047,773 (100.0%)

Total basepairs processed: 10,357,165,950 bp
Quality-trimmed:             165,929,884 bp (1.6%)
Total written (filtered):  9,796,683,244 bp (94.6%)

=== Adapter 1 ===

Sequence: AGATCGGAAGAGC; Type: regular 3'; Length: 13; Trimmed: 27763507 times

Minimum overlap: 1
No. of allowed errors:
1-9 bp: 0; 10-13 bp: 1

Bases preceding removed adapters:
  A: 26.2%
  C: 27.3%
  G: 24.8%
  T: 20.1%
  none/other: 1.7%

Overview of removed sequences
length	count	expect	max.err	error counts
1	14921765	17261943.2	0	14921765
2	3744334	4315485.8	0	3744334
3	1094829	1078871.5	0	1094829
4	364173	269717.9	0	364173
5	174795	67429.5	0	174795
6	130051	16857.4	0	130051
7	112351	4214.3	0	112351
8	107240	1053.6	0	107240
9	110375	263.4	0	108715 1660
10	110230	65.8	1	106042 4188
11	109147	16.5	1	105736 3411
12	106843	4.1	1	104503 2340
13	106237	1.0	1	103710 2527
14	105500	1.0	1	103088 2412
15	107900	1.0	1	105096 2804
16	106668	1.0	1	104016 2652
17	105935	1.0	1	103111 2824
18	102405	1.0	1	100244 2161
19	101408	1.0	1	99160 2248
20	102170	1.0	1	99700 2470
21	106068	1.0	1	103285 2783
22	101839	1.0	1	99576 2263
23	99072	1.0	1	96832 2240
24	98514	1.0	1	96450 2064
25	98348	1.0	1	96152 2196
26	96176	1.0	1	94132 2044
27	99701	1.0	1	97194 2507
28	101058	1.0	1	98361 2697
29	96942	1.0	1	94583 2359
30	94027	1.0	1	92018 2009
31	95224	1.0	1	93001 2223
32	99931	1.0	1	97341 2590
33	91001	1.0	1	88880 2121
34	94387	1.0	1	92063 2324
35	94742	1.0	1	92418 2324
36	96593	1.0	1	94150 2443
37	93831	1.0	1	91426 2405
38	96801	1.0	1	94460 2341
39	86766	1.0	1	84754 2012
40	89773	1.0	1	87671 2102
41	94823	1.0	1	92465 2358
42	110449	1.0	1	107585 2864
43	121824	1.0	1	117996 3828
44	400940	1.0	1	395064 5876
45	95080	1.0	1	92992 2088
46	71191	1.0	1	69963 1228
47	51814	1.0	1	50758 1056
48	95096	1.0	1	93569 1527
49	91437	1.0	1	89874 1563
50	137741	1.0	1	135856 1885
51	112183	1.0	1	110215 1968
52	301408	1.0	1	298294 3114
53	285190	1.0	1	282661 2529
54	91603	1.0	1	90334 1269
55	141786	1.0	1	140396 1390
56	167545	1.0	1	166152 1393
57	90800	1.0	1	89927 873
58	37137	1.0	1	36675 462
59	11360	1.0	1	11136 224
60	4776	1.0	1	4606 170
61	2516	1.0	1	2383 133
62	5239	1.0	1	5097 142
63	4130	1.0	1	3982 148
64	2349	1.0	1	2208 141
65	1567	1.0	1	1433 134
66	1960	1.0	1	1825 135
67	5775	1.0	1	5574 201
68	8644	1.0	1	8427 217
69	8360	1.0	1	8176 184
70	6933	1.0	1	6739 194
71	6288	1.0	1	6103 185
72	6807	1.0	1	6629 178
73	10258	1.0	1	10057 201
74	14460	1.0	1	14245 215
75	17444	1.0	1	17170 274
76	17389	1.0	1	17110 279
77	16040	1.0	1	15813 227
78	14812	1.0	1	14569 243
79	14282	1.0	1	14036 246
80	13812	1.0	1	13624 188
81	14005	1.0	1	13789 216
82	13982	1.0	1	13760 222
83	13853	1.0	1	13600 253
84	13765	1.0	1	13564 201
85	13534	1.0	1	13332 202
86	13497	1.0	1	13276 221
87	13479	1.0	1	13281 198
88	13647	1.0	1	13435 212
89	13541	1.0	1	13292 249
90	13688	1.0	1	13481 207
91	14088	1.0	1	13865 223
92	14592	1.0	1	14354 238
93	14995	1.0	1	14773 222
94	15419	1.0	1	15204 215
95	15974	1.0	1	15723 251
96	16206	1.0	1	15990 216
97	16797	1.0	1	16541 256
98	16522	1.0	1	16271 251
99	17392	1.0	1	17123 269
100	17629	1.0	1	17350 279
101	18104	1.0	1	17812 292
102	18202	1.0	1	17917 285
103	18417	1.0	1	18133 284
104	18367	1.0	1	18075 292
105	18651	1.0	1	18367 284
106	18733	1.0	1	18465 268
107	18602	1.0	1	18305 297
108	18322	1.0	1	18061 261
109	18335	1.0	1	18078 257
110	17847	1.0	1	17533 314
111	17853	1.0	1	17606 247
112	17168	1.0	1	16887 281
113	16492	1.0	1	16243 249
114	15797	1.0	1	15533 264
115	14879	1.0	1	14623 256
116	13414	1.0	1	13175 239
117	12530	1.0	1	12291 239
118	11399	1.0	1	11172 227
119	10242	1.0	1	10045 197
120	8987	1.0	1	8781 206
121	7504	1.0	1	7301 203
122	6493	1.0	1	6325 168
123	5526	1.0	1	5350 176
124	4855	1.0	1	4692 163
125	4441	1.0	1	4277 164
126	4404	1.0	1	4251 153
127	4607	1.0	1	4441 166
128	4543	1.0	1	4389 154
129	4477	1.0	1	4284 193
130	4284	1.0	1	4136 148
131	3588	1.0	1	3465 123
132	3313	1.0	1	3175 138
133	3015	1.0	1	2871 144
134	2519	1.0	1	2397 122
135	2250	1.0	1	2129 121
136	1998	1.0	1	1849 149
137	2121	1.0	1	1976 145
138	2890	1.0	1	2752 138
139	2734	1.0	1	2602 132
140	3372	1.0	1	3218 154
141	4931	1.0	1	4736 195
142	3733	1.0	1	3551 182
143	4106	1.0	1	3921 185
144	3882	1.0	1	3661 221
145	4157	1.0	1	3913 244
146	4063	1.0	1	3759 304
147	9387	1.0	1	8868 519
148	10298	1.0	1	9426 872
149	17035	1.0	1	6187 10848
150	455637	1.0	1	12107 443530

RUN STATISTICS FOR INPUT FILE: Cala2.SRR33638434_1.fastq.gz
=============================================
69047773 sequences processed in total

