
SUMMARISING RUN PARAMETERS
==========================
Input filename: Cala2.SRR33638434_2.fastq.gz
Trimming mode: paired-end
Trim Galore version: 0.6.7
Cutadapt version: 3.5
Number of cores used for trimming: 1
Quality Phred score cutoff: 30
Quality encoding type selected: ASCII+33
Using Illumina adapter for trimming (count: 46647). Second best hit was Nextera (count: 10)
Adapter sequence: 'AGATCGGAAGAGC' (Illumina TruSeq, Sanger iPCR; auto-detected)
Maximum trimming error rate: 0.1 (default)
Minimum required adapter overlap (stringency): 1 bp
Minimum required sequence length for both reads before a sequence pair gets removed: 20 bp
Output file will be GZIP compressed


This is cutadapt 3.5 with Python 3.10.12
Command line parameters: -j 1 -e 0.1 -q 30 -O 1 -a AGATCGGAAGAGC Cala2.SRR33638434_2.fastq.gz
Processing reads on 1 core in single-end mode ...
Finished in 2211.38 s (32 µs/read; 1.87 M reads/minute).

=== Summary ===

Total reads processed:              69,047,773
Reads with adapters:                26,872,700 (38.9%)
Reads written (passing filters):    69,047,773 (100.0%)

Total basepairs processed: 10,357,165,950 bp
Quality-trimmed:             410,502,231 bp (4.0%)
Total written (filtered):  9,672,779,960 bp (93.4%)

=== Adapter 1 ===

Sequence: AGATCGGAAGAGC; Type: regular 3'; Length: 13; Trimmed: 26872700 times

Minimum overlap: 1
No. of allowed errors:
1-9 bp: 0; 10-13 bp: 1

Bases preceding removed adapters:
  A: 26.4%
  C: 27.6%
  G: 25.2%
  T: 20.6%
  none/other: 0.2%

Overview of removed sequences
length	count	expect	max.err	error counts
1	14518524	17261943.2	0	14518524
2	3695009	4315485.8	0	3695009
3	1059104	1078871.5	0	1059104
4	358298	269717.9	0	358298
5	176324	67429.5	0	176324
6	133733	16857.4	0	133733
7	116152	4214.3	0	116152
8	114148	1053.6	0	114148
9	114298	263.4	0	112740 1558
10	120637	65.8	1	115725 4912
11	115649	16.5	1	111740 3909
12	129575	4.1	1	125864 3711
13	103542	1.0	1	100849 2693
14	119918	1.0	1	116540 3378
15	126115	1.0	1	122034 4081
16	112548	1.0	1	109029 3519
17	133815	1.0	1	129235 4580
18	139983	1.0	1	134304 5679
19	1130373	1.0	1	1110054 20319
20	121066	1.0	1	116717 4349
21	25358	1.0	1	24161 1197
22	69550	1.0	1	68095 1455
23	99524	1.0	1	97408 2116
24	253595	1.0	1	249132 4463
25	37123	1.0	1	35913 1210
26	103721	1.0	1	101509 2212
27	549415	1.0	1	544027 5388
28	68635	1.0	1	67062 1573
29	181878	1.0	1	179680 2198
30	149328	1.0	1	147525 1803
31	52740	1.0	1	51748 992
32	90056	1.0	1	88807 1249
33	94398	1.0	1	93090 1308
34	206598	1.0	1	204414 2184
35	123665	1.0	1	122255 1410
36	45662	1.0	1	44836 826
37	120736	1.0	1	119583 1153
38	75279	1.0	1	74071 1208
39	311619	1.0	1	309080 2539
40	113448	1.0	1	112100 1348
41	17670	1.0	1	17116 554
42	18852	1.0	1	18402 450
43	72387	1.0	1	71493 894
44	13884	1.0	1	13387 497
45	109804	1.0	1	108596 1208
46	6824	1.0	1	6415 409
47	21023	1.0	1	20534 489
48	58323	1.0	1	57575 748
49	13522	1.0	1	13042 480
50	32935	1.0	1	32328 607
51	21044	1.0	1	20560 484
52	47051	1.0	1	46370 681
53	2058	1.0	1	1751 307
54	29983	1.0	1	29412 571
55	26092	1.0	1	25551 541
56	11162	1.0	1	10730 432
57	57873	1.0	1	57096 777
58	27752	1.0	1	27088 664
59	5483	1.0	1	5185 298
60	7285	1.0	1	6961 324
61	5094	1.0	1	4811 283
62	18840	1.0	1	18441 399
63	2499	1.0	1	2244 255
64	8361	1.0	1	8012 349
65	3774	1.0	1	3507 267
66	5550	1.0	1	5262 288
67	9179	1.0	1	8868 311
68	3063	1.0	1	2787 276
69	1870	1.0	1	1633 237
70	12230	1.0	1	11885 345
71	1424	1.0	1	1180 244
72	12080	1.0	1	11768 312
73	13614	1.0	1	13258 356
74	7469	1.0	1	7184 285
75	2965	1.0	1	2788 177
76	570	1.0	1	426 144
77	1186	1.0	1	1028 158
78	3615	1.0	1	3419 196
79	5006	1.0	1	4810 196
80	5430	1.0	1	5247 183
81	5504	1.0	1	5295 209
82	5992	1.0	1	5782 210
83	6414	1.0	1	6173 241
84	6937	1.0	1	6709 228
85	7979	1.0	1	7724 255
86	9321	1.0	1	9064 257
87	10420	1.0	1	10169 251
88	11065	1.0	1	10834 231
89	12258	1.0	1	12003 255
90	13090	1.0	1	12850 240
91	14338	1.0	1	14066 272
92	15063	1.0	1	14775 288
93	15612	1.0	1	15323 289
94	16008	1.0	1	15732 276
95	16639	1.0	1	16364 275
96	17260	1.0	1	16981 279
97	17628	1.0	1	17347 281
98	18085	1.0	1	17793 292
99	18737	1.0	1	18411 326
100	19140	1.0	1	18857 283
101	19365	1.0	1	19089 276
102	19472	1.0	1	19162 310
103	19732	1.0	1	19458 274
104	19769	1.0	1	19481 288
105	19661	1.0	1	19407 254
106	19859	1.0	1	19597 262
107	19434	1.0	1	19157 277
108	19137	1.0	1	18832 305
109	18840	1.0	1	18551 289
110	18177	1.0	1	17905 272
111	18116	1.0	1	17869 247
112	17530	1.0	1	17290 240
113	16857	1.0	1	16599 258
114	16101	1.0	1	15841 260
115	15137	1.0	1	14922 215
116	13856	1.0	1	13664 192
117	12890	1.0	1	12689 201
118	11775	1.0	1	11581 194
119	10575	1.0	1	10387 188
120	9385	1.0	1	9199 186
121	7939	1.0	1	7770 169
122	6834	1.0	1	6687 147
123	5935	1.0	1	5770 165
124	5157	1.0	1	5011 146
125	4795	1.0	1	4672 123
126	4656	1.0	1	4534 122
127	4888	1.0	1	4773 115
128	4792	1.0	1	4656 136
129	4671	1.0	1	4556 115
130	4483	1.0	1	4355 128
131	3754	1.0	1	3653 101
132	3442	1.0	1	3337 105
133	3167	1.0	1	3046 121
134	2612	1.0	1	2500 112
135	2322	1.0	1	2232 90
136	2039	1.0	1	1958 81
137	2144	1.0	1	2059 85
138	2922	1.0	1	2826 96
139	2769	1.0	1	2673 96
140	3352	1.0	1	3242 110
141	4839	1.0	1	4726 113
142	3651	1.0	1	3555 96
143	3973	1.0	1	3864 109
144	3782	1.0	1	3685 97
145	3950	1.0	1	3839 111
146	3864	1.0	1	3747 117
147	8942	1.0	1	8778 164
148	9389	1.0	1	9236 153
149	6394	1.0	1	6137 257
150	12120	1.0	1	11677 443

RUN STATISTICS FOR INPUT FILE: Cala2.SRR33638434_2.fastq.gz
=============================================
69047773 sequences processed in total

Total number of sequences analysed for the sequence pair length validation: 69047773

Number of sequence pairs removed because at least one read was shorter than the length cutoff (20 bp): 2018800 (2.92%)
