
SUMMARISING RUN PARAMETERS
==========================
Input filename: Noks1.SRR33638551_1.fastq.gz
Trimming mode: paired-end
Trim Galore version: 0.6.7
Cutadapt version: 3.5
Number of cores used for trimming: 1
Quality Phred score cutoff: 30
Quality encoding type selected: ASCII+33
Using Illumina adapter for trimming (count: 30264). Second best hit was Nextera (count: 11)
Adapter sequence: 'AGATCGGAAGAGC' (Illumina TruSeq, Sanger iPCR; auto-detected)
Maximum trimming error rate: 0.1 (default)
Minimum required adapter overlap (stringency): 1 bp
Minimum required sequence length for both reads before a sequence pair gets removed: 20 bp
Output file will be GZIP compressed


This is cutadapt 3.5 with Python 3.10.12
Command line parameters: -j 1 -e 0.1 -q 30 -O 1 -a AGATCGGAAGAGC Noks1.SRR33638551_1.fastq.gz
Processing reads on 1 core in single-end mode ...
Finished in 2242.47 s (32 µs/read; 1.86 M reads/minute).

=== Summary ===

Total reads processed:              69,497,311
Reads with adapters:                26,283,802 (37.8%)
Reads written (passing filters):    69,497,311 (100.0%)

Total basepairs processed: 10,424,596,650 bp
Quality-trimmed:             160,587,349 bp (1.5%)
Total written (filtered):  9,980,370,354 bp (95.7%)

=== Adapter 1 ===

Sequence: AGATCGGAAGAGC; Type: regular 3'; Length: 13; Trimmed: 26283802 times

Minimum overlap: 1
No. of allowed errors:
1-9 bp: 0; 10-13 bp: 1

Bases preceding removed adapters:
  A: 26.6%
  C: 27.9%
  G: 24.8%
  T: 19.6%
  none/other: 1.2%

Overview of removed sequences
length	count	expect	max.err	error counts
1	15191862	17374327.8	0	15191862
2	3823223	4343581.9	0	3823223
3	1100130	1085895.5	0	1100130
4	356383	271473.9	0	356383
5	166307	67868.5	0	166307
6	118973	16967.1	0	118973
7	99607	4241.8	0	99607
8	94063	1060.4	0	94063
9	96676	265.1	0	94643 2033
10	96054	66.3	1	91309 4745
11	95409	16.6	1	91651 3758
12	92959	4.1	1	90356 2603
13	91123	1.0	1	88331 2792
14	90213	1.0	1	87723 2490
15	92379	1.0	1	89366 3013
16	90288	1.0	1	87452 2836
17	91124	1.0	1	88142 2982
18	86956	1.0	1	84525 2431
19	86746	1.0	1	84352 2394
20	84332	1.0	1	81798 2534
21	87696	1.0	1	84837 2859
22	84226	1.0	1	81925 2301
23	83038	1.0	1	80796 2242
24	80183	1.0	1	78074 2109
25	82062	1.0	1	79675 2387
26	79680	1.0	1	77441 2239
27	81896	1.0	1	79353 2543
28	81421	1.0	1	78724 2697
29	78594	1.0	1	76308 2286
30	75739	1.0	1	73732 2007
31	75175	1.0	1	73007 2168
32	79148	1.0	1	76706 2442
33	72817	1.0	1	70740 2077
34	77456	1.0	1	75089 2367
35	73783	1.0	1	71596 2187
36	76757	1.0	1	74473 2284
37	69560	1.0	1	67529 2031
38	72332	1.0	1	70172 2160
39	74069	1.0	1	71720 2349
40	73976	1.0	1	71657 2319
41	74077	1.0	1	71670 2407
42	84272	1.0	1	81635 2637
43	86071	1.0	1	82439 3632
44	222997	1.0	1	218852 4145
45	56402	1.0	1	54929 1473
46	33778	1.0	1	32762 1016
47	47717	1.0	1	46549 1168
48	70488	1.0	1	68913 1575
49	74159	1.0	1	72350 1809
50	102544	1.0	1	100607 1937
51	88208	1.0	1	85569 2639
52	220315	1.0	1	216635 3680
53	235722	1.0	1	233147 2575
54	83809	1.0	1	82119 1690
55	111319	1.0	1	109410 1909
56	123086	1.0	1	121487 1599
57	65764	1.0	1	64951 813
58	28445	1.0	1	28035 410
59	11214	1.0	1	10980 234
60	5629	1.0	1	5472 157
61	3035	1.0	1	2886 149
62	3896	1.0	1	3739 157
63	3482	1.0	1	3328 154
64	2228	1.0	1	2089 139
65	1372	1.0	1	1237 135
66	1553	1.0	1	1408 145
67	3287	1.0	1	3124 163
68	5328	1.0	1	5148 180
69	5759	1.0	1	5571 188
70	5123	1.0	1	4952 171
71	4793	1.0	1	4600 193
72	5097	1.0	1	4903 194
73	7066	1.0	1	6849 217
74	10073	1.0	1	9814 259
75	11851	1.0	1	11579 272
76	11945	1.0	1	11676 269
77	11028	1.0	1	10791 237
78	9774	1.0	1	9534 240
79	9564	1.0	1	9347 217
80	9183	1.0	1	8978 205
81	9162	1.0	1	8959 203
82	9144	1.0	1	8931 213
83	9071	1.0	1	8850 221
84	9104	1.0	1	8896 208
85	9117	1.0	1	8874 243
86	9107	1.0	1	8885 222
87	9101	1.0	1	8877 224
88	8955	1.0	1	8740 215
89	9037	1.0	1	8827 210
90	9234	1.0	1	9008 226
91	9626	1.0	1	9410 216
92	9602	1.0	1	9398 204
93	9676	1.0	1	9466 210
94	9952	1.0	1	9714 238
95	9906	1.0	1	9693 213
96	9994	1.0	1	9774 220
97	9909	1.0	1	9703 206
98	9985	1.0	1	9775 210
99	9878	1.0	1	9657 221
100	10201	1.0	1	10016 185
101	10237	1.0	1	10014 223
102	9996	1.0	1	9785 211
103	10079	1.0	1	9847 232
104	9905	1.0	1	9668 237
105	9679	1.0	1	9467 212
106	9716	1.0	1	9507 209
107	9770	1.0	1	9550 220
108	9455	1.0	1	9237 218
109	9244	1.0	1	9033 211
110	9117	1.0	1	8931 186
111	8805	1.0	1	8611 194
112	8548	1.0	1	8342 206
113	8366	1.0	1	8130 236
114	7818	1.0	1	7593 225
115	7540	1.0	1	7361 179
116	6875	1.0	1	6676 199
117	6529	1.0	1	6381 148
118	6230	1.0	1	6066 164
119	5518	1.0	1	5348 170
120	4848	1.0	1	4707 141
121	4276	1.0	1	4134 142
122	3770	1.0	1	3630 140
123	3227	1.0	1	3091 136
124	2699	1.0	1	2576 123
125	2504	1.0	1	2409 95
126	2354	1.0	1	2202 152
127	2362	1.0	1	2232 130
128	2363	1.0	1	2236 127
129	2211	1.0	1	2076 135
130	2086	1.0	1	1965 121
131	1807	1.0	1	1695 112
132	1675	1.0	1	1574 101
133	1508	1.0	1	1397 111
134	1266	1.0	1	1155 111
135	1079	1.0	1	962 117
136	958	1.0	1	842 116
137	921	1.0	1	815 106
138	1320	1.0	1	1209 111
139	1215	1.0	1	1091 124
140	1388	1.0	1	1251 137
141	2441	1.0	1	2306 135
142	1600	1.0	1	1476 124
143	1971	1.0	1	1814 157
144	1932	1.0	1	1777 155
145	2243	1.0	1	2066 177
146	2164	1.0	1	1991 173
147	5047	1.0	1	4715 332
148	5832	1.0	1	5257 575
149	10656	1.0	1	3411 7245
150	295023	1.0	1	7859 287164

RUN STATISTICS FOR INPUT FILE: Noks1.SRR33638551_1.fastq.gz
=============================================
69497311 sequences processed in total

