
SUMMARISING RUN PARAMETERS
==========================
Input filename: Noks1.SRR33638551_2.fastq.gz
Trimming mode: paired-end
Trim Galore version: 0.6.7
Cutadapt version: 3.5
Number of cores used for trimming: 1
Quality Phred score cutoff: 30
Quality encoding type selected: ASCII+33
Using Illumina adapter for trimming (count: 30264). Second best hit was Nextera (count: 11)
Adapter sequence: 'AGATCGGAAGAGC' (Illumina TruSeq, Sanger iPCR; auto-detected)
Maximum trimming error rate: 0.1 (default)
Minimum required adapter overlap (stringency): 1 bp
Minimum required sequence length for both reads before a sequence pair gets removed: 20 bp
Output file will be GZIP compressed


This is cutadapt 3.5 with Python 3.10.12
Command line parameters: -j 1 -e 0.1 -q 30 -O 1 -a AGATCGGAAGAGC Noks1.SRR33638551_2.fastq.gz
Processing reads on 1 core in single-end mode ...
Finished in 2319.37 s (33 µs/read; 1.80 M reads/minute).

=== Summary ===

Total reads processed:              69,497,311
Reads with adapters:                25,539,311 (36.7%)
Reads written (passing filters):    69,497,311 (100.0%)

Total basepairs processed: 10,424,596,650 bp
Quality-trimmed:             390,364,263 bp (3.7%)
Total written (filtered):  9,834,645,436 bp (94.3%)

=== Adapter 1 ===

Sequence: AGATCGGAAGAGC; Type: regular 3'; Length: 13; Trimmed: 25539311 times

Minimum overlap: 1
No. of allowed errors:
1-9 bp: 0; 10-13 bp: 1

Bases preceding removed adapters:
  A: 26.8%
  C: 28.1%
  G: 25.0%
  T: 19.9%
  none/other: 0.2%

Overview of removed sequences
length	count	expect	max.err	error counts
1	14793257	17374327.8	0	14793257
2	3763926	4343581.9	0	3763926
3	1058706	1085895.5	0	1058706
4	350378	271473.9	0	350378
5	167743	67868.5	0	167743
6	121936	16967.1	0	121936
7	103017	4241.8	0	103017
8	100518	1060.4	0	100518
9	99996	265.1	0	98390 1606
10	105170	66.3	1	100271 4899
11	101103	16.6	1	97079 4024
12	111023	4.1	1	107772 3251
13	89895	1.0	1	87465 2430
14	103368	1.0	1	100224 3144
15	108919	1.0	1	105368 3551
16	96572	1.0	1	93408 3164
17	118911	1.0	1	114871 4040
18	113425	1.0	1	108886 4539
19	892621	1.0	1	877290 15331
20	62580	1.0	1	59554 3026
21	21839	1.0	1	20932 907
22	57354	1.0	1	56136 1218
23	82978	1.0	1	81381 1597
24	199893	1.0	1	196499 3394
25	30106	1.0	1	29101 1005
26	85658	1.0	1	83956 1702
27	415252	1.0	1	411279 3973
28	54288	1.0	1	53025 1263
29	167805	1.0	1	166176 1629
30	113717	1.0	1	112376 1341
31	27095	1.0	1	26438 657
32	59017	1.0	1	57967 1050
33	260942	1.0	1	258901 2041
34	33379	1.0	1	32603 776
35	166430	1.0	1	164877 1553
36	77634	1.0	1	76741 893
37	31534	1.0	1	30892 642
38	91072	1.0	1	90137 935
39	21765	1.0	1	21249 516
40	40604	1.0	1	39944 660
41	99425	1.0	1	98441 984
42	9502	1.0	1	9103 399
43	55646	1.0	1	55014 632
44	10455	1.0	1	10093 362
45	84566	1.0	1	83678 888
46	4595	1.0	1	4266 329
47	17395	1.0	1	16998 397
48	42731	1.0	1	42175 556
49	12105	1.0	1	11737 368
50	24221	1.0	1	23816 405
51	15285	1.0	1	14922 363
52	33490	1.0	1	32983 507
53	1607	1.0	1	1374 233
54	22367	1.0	1	21942 425
55	19152	1.0	1	18729 423
56	8043	1.0	1	7716 327
57	41272	1.0	1	40679 593
58	18530	1.0	1	18108 422
59	4487	1.0	1	4213 274
60	5377	1.0	1	5105 272
61	4245	1.0	1	4025 220
62	14169	1.0	1	13849 320
63	1672	1.0	1	1473 199
64	6609	1.0	1	6308 301
65	3025	1.0	1	2784 241
66	4339	1.0	1	4106 233
67	7076	1.0	1	6830 246
68	2100	1.0	1	1893 207
69	1340	1.0	1	1125 215
70	8758	1.0	1	8492 266
71	1071	1.0	1	877 194
72	9002	1.0	1	8738 264
73	9594	1.0	1	9295 299
74	5319	1.0	1	5115 204
75	1960	1.0	1	1828 132
76	380	1.0	1	257 123
77	809	1.0	1	684 125
78	2582	1.0	1	2423 159
79	3505	1.0	1	3314 191
80	3705	1.0	1	3535 170
81	3763	1.0	1	3613 150
82	4117	1.0	1	3957 160
83	4259	1.0	1	4096 163
84	4711	1.0	1	4525 186
85	5318	1.0	1	5098 220
86	5926	1.0	1	5729 197
87	6697	1.0	1	6472 225
88	7094	1.0	1	6920 174
89	7698	1.0	1	7517 181
90	8549	1.0	1	8337 212
91	8955	1.0	1	8757 198
92	9367	1.0	1	9167 200
93	9661	1.0	1	9466 195
94	9856	1.0	1	9662 194
95	10315	1.0	1	10098 217
96	10438	1.0	1	10264 174
97	10619	1.0	1	10380 239
98	10957	1.0	1	10768 189
99	10849	1.0	1	10619 230
100	11184	1.0	1	10957 227
101	11187	1.0	1	10998 189
102	11072	1.0	1	10877 195
103	11106	1.0	1	10905 201
104	10780	1.0	1	10597 183
105	10555	1.0	1	10346 209
106	10458	1.0	1	10287 171
107	10370	1.0	1	10161 209
108	9949	1.0	1	9742 207
109	9683	1.0	1	9475 208
110	9552	1.0	1	9357 195
111	9184	1.0	1	9020 164
112	8750	1.0	1	8573 177
113	8668	1.0	1	8479 189
114	8129	1.0	1	7923 206
115	7827	1.0	1	7665 162
116	7095	1.0	1	6920 175
117	6936	1.0	1	6772 164
118	6549	1.0	1	6384 165
119	5830	1.0	1	5689 141
120	5214	1.0	1	5080 134
121	4564	1.0	1	4428 136
122	4071	1.0	1	3950 121
123	3557	1.0	1	3410 147
124	2957	1.0	1	2838 119
125	2772	1.0	1	2661 111
126	2544	1.0	1	2433 111
127	2587	1.0	1	2462 125
128	2529	1.0	1	2421 108
129	2363	1.0	1	2231 132
130	2232	1.0	1	2130 102
131	1890	1.0	1	1800 90
132	1795	1.0	1	1702 93
133	1586	1.0	1	1491 95
134	1309	1.0	1	1203 106
135	1134	1.0	1	1041 93
136	1020	1.0	1	928 92
137	961	1.0	1	879 82
138	1279	1.0	1	1220 59
139	1181	1.0	1	1104 77
140	1369	1.0	1	1293 76
141	2352	1.0	1	2263 89
142	1539	1.0	1	1479 60
143	1884	1.0	1	1808 76
144	1854	1.0	1	1771 83
145	2120	1.0	1	2042 78
146	2086	1.0	1	1998 88
147	4812	1.0	1	4698 114
148	5290	1.0	1	5197 93
149	3627	1.0	1	3457 170
150	7883	1.0	1	7552 331

RUN STATISTICS FOR INPUT FILE: Noks1.SRR33638551_2.fastq.gz
=============================================
69497311 sequences processed in total

Total number of sequences analysed for the sequence pair length validation: 69497311

Number of sequence pairs removed because at least one read was shorter than the length cutoff (20 bp): 1815598 (2.61%)
