#seq_name	length	coverage	circular	repeat	mult	telomere	alt_group	graph_path
contig_3	706929	45	N	N	1	none	*	1,1,1,1,1,1,1,1,1,1,1,1,1,1,1,1,1,1,1,1,1,1,1,1,1,1,1,1,1,1,1,1,1,1,1,1,1,1,1,1,1,1,1,1,1,1,1,1,1,1,1,1,1,1,1,1,1,1,1,1,1,1,1,1,1,1,1,1,1,1,1,1,1,1,1,1,1,1,1,1,1,1,1,1,1,1,1,1,1,1,1,1,1,1,1,1,1,1,1,1,1,3,481,483
contig_4	301608	46	N	N	1	none	*	4,464,464,464,464,464,464,464,464,464,464,464,464,464,464,464,464,464,464,464,464,464,464,464,464,464,464,464,464,464,464,464,464,464,464,464,464,464,464,464,464,464,464,464,464,464,464,464,464,464,464,464,464,464,464,464,464,464,464
contig_5	230545	23	N	N	1	none	*	-739,5,-739
contig_6	3120762	23	N	N	1	none	*	739,6,739
contig_8	418034	47	N	N	1	none	*	7,7,7,7,7,7,7,7,7,7,7,7,7,7,7,7,7,7,7,7,7,7,7,7,7,7,7,7,7,7,7,7,7,7,7,7,7,7,7,7,7,7,7,7,7,7,7,7,7,7,7,7,7,7,7,7,7,7,7,7,7,7,7,7,7,7,7,7,7,7,7,7,7,7,7,7,7,7,7,7,7,7,7,7,7,7,7,7,7,7,7,7,7,7,7,7,7,7,7,7,7,7,7,7,7,7,7,7,7,7,7,7,7,7,7,7,7,7,7,7,7,7,7,7,7,7,7,7,7,7,7,7,7,7,7,7,7,7,7,7,7,7,7,7,7,7,7,7,7,7,7,7,7,7,7,7,7,7,8,49,49,49,49,49,49,49,49,49,49,-50,-49,-49,-49,-49,-49,-49,-49,-49,-49,51,52,53,54,55,56,52,58
contig_19	80308	50	N	N	1	none	*	7,7,7,7,7,7,7,7,7,7,7,7,7,7,7,7,7,7,7,7,7,7,7,7,7,7,7,7,7,7,7,7,7,7,7,7,7,7,7,7,7,7,7,7,7,7,7,7,7,7,7,7,7,7,7,7,7,7,7,7,7,7,7,7,7,7,7,7,7,7,7,7,7,7,7,7,7,7,7,7,7,7,7,7,7,7,7,7,7,7,7,7,7,7,7,7,7,7,7,7,7,7,7,7,7,7,7,7,7,7,7,7,7,7,7,7,7,7,7,7,7,7,7,7,7,7,7,7,7,7,7,7,7,7,7,7,7,7,7,7,7,7,7,7,7,7,7,7,7,7,7,7,7,7,7,7,7,7,7,7,7,7,7,7,7,7,7,7,7,7,7,7,7,7,7,7,7,7,7,7,7,7,7,7,7,7,7,7,7,7,7,7,7,7,7,7,7,7,7,7,7,7,7,19,471,473,472,471,471,471,471,471,471,471,471,471,471,471,471,471,471,471,471,471,471,471,471,471,471,471,471,471,471,471,471,471,471,471,471,471,471,471,471,471,471,471,471,471,471,471,471,471,471,471,471,471,471,471,471,471,471,471,471,471,471,471,471,471,471,471,471,471,471,471,471,471,471,471,471,471,471,471,471,471,471,471,471,471,471,471,471,471,471,471,471,471,471,471,471,471,471,471,471,471,471,471,471,471,471,471,471,471,471,471,471,471,471,471,471,471,471,471,471,471,471,471,471,471,471,471,471
contig_20	31292	31	N	N	1	none	*	-644,-815,-643,-18,7,20,797,527,612
contig_21	130024	44	N	N	1	none	*	-644,-815,-643,-18,21
contig_26	209667	46	N	N	1	none	*	-742,25,22,23,24,29,743,-35,-29,-24,-23,-22,-25,28,-408,26,387,389
contig_27	169652	48	N	N	1	none	*	27,407
contig_37	58403	45	N	N	1	none	*	-389,-387,-385,-383,-744,30,31,31,32,37,-382,-380,-379
contig_38	97738	43	N	N	1	none	*	672,-42,30,31,32,29,38,64,64,78,79,64,64,64,-167,-64,-64,-64,-63,-62,-61,77,-60,-96,60,-77,61,118,118,118,64,64,64,-64,-64,-64,-64,-79,-78,-64,-64
contig_41	458529	47	N	N	1	none	*	63,64,64,150,85,84,199,85,41,285,284,284,284,284,284,284,284,284,284,284,284,284,284,284,284,284,284,284,284,284,284,284,284,284,284,284,284,284,284,284,284,284,284,284,284,284,284,284,284,284,284,284,284,284,284
contig_43	65437	48	N	N	1	none	*	43,-380,-379,381,-28
contig_44	362886	45	N	N	1	none	*	44,339,339,339,339,339,339,339,339,339,339,339,339,339,339,339,339,339,339,339,339,339,339,339,339,339,339,339,339,339,339,339,339,339,339
contig_47	37244	48	N	N	1	none	*	740,741,745,47,747,750,65,750,65,66,66,66,66,66,66,66,66,66,66,66,66,66,66,66,66,66,66,66,66,66,66,66,66,66,66,66,66,66,66
contig_48	26874	40	N	N	1	none	*	-746,48,-529,799,530,-538,-531,800
contig_59	21388	47	N	N	1	none	*	-52,-57,-56,-55,-54,-53,-52,59,60,61,118,118,118,118
contig_81	269069	45	N	N	1	none	*	64,64,64,78,79,64,64,64,64,78,79,64,64,64,64,78,79,80,64,64,64,64,81,737
contig_90	354992	44	N	N	1	none	*	349,348,349,348,349,348,349,348,349,348,349,90,72,186,68,751,72,186,68,751,72,186,68
contig_91	465569	47	N	N	1	none	*	-86,-86,-86,-86,-86,-86,83,84,199,85,83,84,199,85,91,157
contig_93	32373	53	N	N	1	none	*	93,752,52,94,94
contig_104	622123	45	N	N	1	none	*	748,104,105,-77,95,-77,105,-77,95,105,-77,95,-77,105,-77,95,105,-77,95,60,105,-77,95,-77,105,-77,95,-77,105,-77,95,-77,60,105,-77,95,-77,60,105,-77,95,-77,60,105,-77,95,-77,105,-77,95,-77,60,105,-77,95,105,-77,95,-77,105,-77,95,-77,60,105
contig_114	195277	45	N	N	1	none	*	114,-96,-136,-135,-98
contig_125	246663	48	N	N	1	none	*	608,813,-609,-607,125,-49,-49,-49,-49,-49,-49,-49,-49,-49,-49,-49,127,128,127,128,127,128,-49,-49,127,128,129,127
contig_138	77746	42	N	N	1	none	*	138,814,638,-814
contig_148	49521	46	N	N	1	none	*	102,102,102,102,102,102,102,102,102,102,102,102,102,102,102,102,102,102,102,102,102,83,84,199,85,148,-102,-102,-102,-102,-102,-102,-102,-102,-102,-102,-102,-102,-102,-102,-102,-102,-102,-102,-102,-102,-102,-102,-102,-102,-102,-102,-102,-102,-102,-102,-102,-102,-102,-102,-102,-102,-102
contig_156	2030494	46	N	N	1	none	*	82,82,82,82,82,82,82,82,82,82,82,82,82,82,82,82,82,82,82,82,82,82,82,82,82,82,82,82,82,82,82,82,82,82,82,82,82,82,82,156,-49,-49,-49,-49,-49,-49,-49,-49,-49
contig_164	46589	39	N	N	1	none	*	-121,-120,-119,-121,-120,-119,-52,-56,-55,-54,-53,-52,-52,-752,-121,-120,-752,164,752,-49,-49,-49,-49,-49,-49,-49,-49,52,52,53,54,55,56,-49,-49
contig_173	210349	49	N	N	1	none	*	721,721,721,721,721,721,721,721,721,721,721,721,721,721,721,721,721,721,721,721,721,721,721,721,721,721,721,721,721,721,721,721,721,721,173,-64,-64,-63,-62
contig_181	413832	45	N	N	1	none	*	-324,181,-64,-63,-749,-64,-63,-749,-64,-63,-749,-64,-63,-749,-64,-63,-749,-64,-63,-749,-64,-63,-749,-64,-63,-749,-64,-63,-749
contig_183	48473	44	N	N	1	none	*	183,-204,203,351,-204,203,351,-204,203,351,-204,203,351,-204,203,351,-204,203,351
contig_185	309354	45	N	N	1	none	*	-68,-186,-751,-71,189,-187,-70,-69,-68,185
contig_188	12741	41	N	N	1	none	*	188,-190,115,115,115,115,115,115,115,115,115,115,115,115,115,115,115,115,115,115,115,115
contig_192	15587	34	N	N	1	none	*	192,-191
contig_195	901446	47	N	N	1	none	*	-170,194,195,762
contig_196	593935	45	N	N	1	right	*	695,-694,695,-694,695,-694,695,-694,196,766,766,766
contig_197	520285	45	N	N	1	none	*	73,49,74,75,197,-787
contig_198	1213264	46	N	N	1	none	*	198,289,289,289,289,289,289,289,289,289,289,289,289,289,289,289,289,289,289,289,289,289,289,289,289,289,289,289,289,289,289,289,289,289,289,289,289,289,289,289,289,289,289,289,289,289,289,289,289,289,289,289,289,289,289,289,289,289,289,289,289,289,289,289,289,289,289,289,289,289,289,289,289,289,289,289,289,289,289,289,289,289,289,289,289,289,289,289,289,289,289,289,289,289,289,289,289,289,289,289,289,289,289,289,289,289,289,289,289,289,289,289,289,289,289,289,289,289,289,289,289,289,289,289,289,289,289,289,289,289,289,289,289,289,289,289,289,289,289,289,289,289,289,289,289,289,289,289,289,289
contig_200	795001	45	N	N	1	none	*	-342,344,-342,344,-342,344,-342,344,-342,344,-342,344,-342,344,-342,344,-342,344,-342,200,682
contig_201	41877	45	N	N	1	none	*	-750,201,342,-344,342,-344,342,-344,342,-344,342,-344,342,-344
contig_202	201208	44	N	N	1	none	*	-65,-750,88,-65,-750,202,345
contig_207	120069	47	N	N	1	none	*	-205,206,-360,360,-206,207,-661,662,-661,662
contig_210	1812958	46	N	N	1	none	*	483,-484,483,-484,210
contig_211	216152	48	N	N	1	none	*	101,63,64,64,64,64,78,79,64,64,-100,64,211
contig_212	19115	57	N	N	1	none	*	-112,212,378,378,378,378,378,378,378,378,378,378,378,378,378,378,378,378,378,378,378,378,378,378,378,378,378,378,378,378,378,378,378,378,378,378,378,378,378,378,378,378,378,378,378,378,378,378,378,378,378,378,378,378,378,378,378,378,378,378,378,378,378,378,378,378,378,378,378,378,378,378,378,378,378,378,378,378,378,378,378,378,378,378,378,378,378,378,378,378,378,378,378,378,378,378,378,378,378,378,378,378,378,378,378,378,378,378,378,378,378,378,378,378,378,378,378,378,378,378,378,378,378,378,378,378,378,378,378,378,378,378,378,378,378,378,378,378,378,378,378,378,378,378,378,378,378,378,378,378,378,378,378,378,378,378,378,378,378,378
contig_213	1240543	45	N	N	1	none	*	690,690,213
contig_214	42290	45	N	N	1	none	*	356,214,777,598
contig_215	255812	48	N	N	1	none	*	340,340,340,340,340,340,340,340,340,340,340,340,340,340,340,340,340,340,340,340,340,340,340,215,-785,457,-532,-455,-454
contig_216	529545	45	N	N	1	none	*	216,289,289,289,289,289,289,289,289,289,289,289,289,289,289,289,289,289,289,289,289,289,289,289,289,289,289,289,289,289,289,289,289,289,289,289,289,289,289,289,289,289,289,289,289,289,289,289,289,289,289,289,289,289,289,289,289,289,289,289,289,289,289,289,289,289,289,289,289,289,289,289,289,289,289,289,289,289,289,289,289,289,289,289,289,289,289
contig_217	385219	45	N	N	1	none	*	64,167,217
contig_218	434302	46	N	N	1	none	*	788,-787,218,-469,-468,-467,-469,-468,-467,-469,-468,-467,-469,-468,-467,-469,-468
contig_219	801002	44	N	N	1	right	*	124,124,124,124,124,124,124,124,124,124,124,124,124,124,124,124,124,124,124,124,124,124,124,124,124,124,124,124,124,124,124,124,124,124,124,124,124,124,219,295,295,295,295,295,295,295,295,295,295,295,295,295,295,295,295,295,295,295,295,295,295,295,295,295,295,295,295,295,295,295,295,295,295,295,295,295,295,295,295,295,295,295,295,295,295,295,295,295,295,295,295,295,295,295,295,295,295,295,295,295,295,295,295,295,295,295,295,295
contig_220	1318936	46	N	N	1	none	*	279,279,279,279,279,279,279,279,279,279,279,279,279,279,279,279,279,279,279,279,279,279,279,279,279,279,279,279,279,279,279,279,279,279,279,279,279,279,279,279,279,279,279,279,279,279,279,279,279,279,279,279,279,279,279,279,279,279,279,279,279,279,279,279,279,279,279,279,279,279,279,279,279,279,279,279,279,279,279,279,279,279,220,-483
contig_221	585766	46	N	N	1	none	*	221,-612
contig_222	234787	47	N	N	1	none	*	-358,-208,-154,209,-358,-208,222,488,490
contig_223	579365	46	N	N	1	none	*	-289,-289,-289,-289,-289,-289,-289,-289,-289,-289,-289,-289,-289,-289,-289,-289,-289,-289,-289,-289,-289,-289,-289,-289,-289,-289,-289,-289,-289,-289,-289,-289,-289,-289,-289,-289,-289,-289,-289,-289,-289,-289,-289,-289,-289,-289,-289,-289,-289,-289,-289,-289,-289,-289,-289,-289,-289,-289,-289,-289,-289,-289,-289,-289,-289,-289,-289,-289,-289,-289,-289,-289,-289,-289,-289,-289,-289,-289,-289,-289,-289,-289,-289,-289,-289,-289,-289,-289,-289,-289,-289,-289,-289,-289,-289,-289,-289,-289,-289,-289,-289,-289,-289,-289,-289,223,509,509,509,509,509,509,509,509,509,509,509,509,509,509,509,509,509,509,509,509,509,509,509,509,510,-509,-509,-509,-509,-509,-509,-509
contig_224	1498559	46	N	N	1	none	*	-122,-122,-122,-122,-122,-122,-122,-122,-122,-122,-122,-122,-122,-122,-122,-122,-122,224
contig_225	355549	43	N	N	1	none	*	800,225,-15
contig_227	86462	46	N	N	1	none	*	-535,227,537,-228,-85,-199,226,537,-228
contig_229	109647	44	N	N	1	none	*	535,229,-536,-535
contig_231	227623	47	N	N	1	right	*	231,-563,-563
contig_232	625141	45	N	N	1	right	*	232
contig_233	909860	45	N	N	1	none	*	-98,98,233,817
contig_234	306342	47	N	N	1	left	*	234,567,568,-567
contig_235	1105510	48	N	N	1	none	*	-757,64,235,262,262,262,262,262,262,262,262,262,262,262,262,262,262,262,262,262,262,262,262,262,262,262,262,262,262,262,262,262,262,262,262,262,262,262,262,262,262,262,262,262,262,262,262,262,262,262,262,262,262,262,262,262,262,262,262,262,262,262,262,262,262,262,262,262,262,262,262,262,262,262,262,262,262,262,262,262,262,262,262,262,262,262,262,262,262,262,262,262,262,262,262,262,262,262,262,262,262,262,262,262
contig_236	250440	44	N	N	1	none	*	77,236,750,65,65,750,65,65,750,65,-123
contig_237	386200	46	N	N	1	none	*	73,49,74,237,614,-615
contig_238	110924	48	N	N	1	none	*	238,-621
contig_239	2297703	47	N	N	1	none	*	-393,-393,-393,-393,-393,-393,-393,-393,-393,-393,-393,-393,-393,-393,-393,-393,-393,-393,-393,-393,-393,-393,-393,-393,-393,-393,-393,-393,-393,-393,-393,-393,-393,-393,-393,-393,-393,-393,-393,-393,-393,-393,-393,-393,-393,-393,-393,-393,-393,-393,-393,-393,-393,-393,-393,-393,-393,-393,-393,-393,-393,-393,-393,-393,-393,-393,-393,-393,-393,-393,-393,-393,-393,-393,-393,-393,-393,-393,-393,-393,-393,-393,-393,-393,-393,-393,-393,-393,-393,-393,-393,-393,-393,-393,-393,-393,-393,-393,-393,-393,-393,-393,-393,-393,-393,-393,-393,-393,-393,-393,-393,-393,-393,-393,-393,-393,-393,239,625,-626,625,-626,625,-626
contig_240	1782296	46	N	N	1	right	*	240,420,420,420,420,420,420,420,420,420,420,420,420,420,420,420,420,420,420,420,420,420,420,420,420,420,420,420,420,420,420,420,420,420,420,420,420
contig_241	639508	46	N	N	1	none	*	98,135,136,64,96,98,241,635,-636,635,-636
contig_242	605675	49	N	N	1	none	*	242,-785,457,-532,-455,-454
contig_243	10529	48	N	N	1	none	*	-230,243,-245
contig_244	57239	48	N	N	1	none	*	798,-641,-640,244,-245,230,-800
contig_247	780676	46	N	N	1	none	*	-154,-65,-750,209,-358,-208,247
contig_248	280531	45	N	N	1	none	*	62,-147,-146,248,646,-647,646,-647,646
contig_249	750794	45	N	N	1	none	*	62,63,64,64,249
contig_250	1137177	46	N	N	1	left	*	250,-560,-560,-560,-560,-560,-560,-560,-560,-560,-560,-560,-560,-560,-560,-560,-560,-560,-560,-560,-560,-560,-560,-560,-560,-560,-560,-560,-560,-560,-560,-560,-560,-560,-560,-560,-560
contig_251	394357	46	N	N	1	none	*	251
contig_252	946621	47	N	N	1	none	*	83,84,199,85,252
contig_255	592353	46	N	N	1	none	*	-172,83,84,199,85,255,-253,-64,254,-253,-64,-64,106,254,-253
contig_256	1449166	46	N	N	1	none	*	83,84,199,85,256
contig_257	482317	46	N	N	1	none	*	257,408,-28
contig_258	119267	51	N	N	1	none	*	83,84,199,85,77,258,703,703,703,703,703,703,703,703,703,703,703,703,703,703,703,703,703,703,703,703,703,703
contig_259	613228	48	N	N	1	none	*	63,64,64,259,824
contig_260	856379	45	N	N	1	none	*	726,727,726,727,260,728,-729,728,-729,728
contig_276	198951	47	N	N	1	none	*	759,276
contig_277	1198859	46	N	N	1	none	*	-262,-262,-262,-262,-262,-262,-262,-262,-262,-262,-262,-262,-262,-262,-262,-262,-262,-262,-262,-262,-262,-262,-262,-262,-262,-262,-262,-262,-262,-262,-262,-262,-262,-262,-262,-262,-262,-262,-262,-262,-262,-262,-262,-262,-262,-262,-262,-274,-262,-262,-262,-262,-262,-262,-262,-262,-262,-262,-262,-262,-262,-262,-262,-262,-262,-262,-262,-262,-262,-274,-262,-262,-262,-262,-262,-262,-262,-262,-262,-262,-262,-262,-274,-262,-262,-262,-262,-274,-262,-262,-262,-262,-274,-262,-262,-262,-262,-262,-262,-262,-262,-262,-262,-274,-262,-262,-262,-262,-262,-262,-262,-274,-262,-262,-262,-262,-262,-262,-262,-262,-262,-262,-262,-262,-262,-262,-262,-262,-262,-262,-274,-262,-262,-274,-262,-262,-274,-262,-262,-262,-262,-262,-262,-274,-262,-262,-262,-262,-262,-262,-274,-262,-262,-262,-262,-262,-262,-262,-262,-262,-262,-262,-262,-262,-262,-262,-262,-262,-262,-274,-262,-262,-262,-274,277
contig_278	736290	46	N	N	1	none	*	278,682
contig_283	498309	45	N	N	1	none	*	-282,-282,-282,-282,-282,-282,-282,-282,-282,-282,-282,-282,-282,-282,-282,-282,-282,-282,-282,-282,-282,-282,-282,-282,-282,-282,-282,-282,-282,-282,-282,-282,-282,-282,-282,-282,-282,-282,-282,-282,-282,-282,-282,-282,-282,-282,-282,-282,-282,-282,-282,-282,-282,-282,-282,-282,-282,-282,-282,-282,-282,-282,-282,-282,-282,-282,-282,-282,-282,-282,-282,-282,-282,-282,-282,-282,-282,-282,-282,-282,-282,-282,-282,-282,-282,-282,-282,-282,-282,-282,-282,-282,-282,-282,-282,-282,-282,-282,-282,-282,-282,-282,-282,-282,-282,-282,-282,-282,-282,-282,-282,-282,-282,-282,-282,-282,-282,-282,-282,283
contig_286	639380	45	N	N	1	none	*	286,-445,-445,-445,-445,-445,-445,-445,-445,-445,-445,-445,-445,-445,-445,-445,-445,-445,-445,-445,-445,-445,-445,-445,-445,-445,-445,-445,-445,-445,-445,-445,-445,-445,-445,-445,-445,-445,-445,-445,-445,-445,-445,-445,-445,-445,-445,-445,-445,-445,-445,-445,-445,-445,-445,-445,-445,-445,-445,-445,-445,-445,-445,-445,-445,-445,-445,-445,-445,-445,-445,-445,-445,-445,-445,-445,-445
contig_288	169456	6	N	N	1	left	*	288,-549
contig_294	938005	8	N	N	1	left	*	294,-573
contig_303	28876	44	N	N	1	none	*	296,296,296,296,296,296,296,296,296,296,296,296,296,296,303,-296,-296,-296,-296,-296,-296,-296,-296,-296,-296,-296,-296,-296,-296,-296,-296,-296,-296,-296,-296,-296,-296,-300,-296,-296
contig_304	444966	43	N	N	1	right	*	-568,-567,304
contig_305	378183	47	N	N	1	none	*	305
contig_307	229377	48	N	N	1	left	*	306,306,306,306,306,306,306,306,306,306,306,306,306,306,306,306,306,306,306,306,306,306,306,306,306,306,306,306,306,306,306,306,306,306,306,306,306,306,306,306,306,307,409
contig_308	737939	46	N	N	1	none	*	-170,194,308,345
contig_309	646758	45	N	N	1	left	*	309
contig_310	469586	46	N	N	1	none	*	762,310,-437
contig_315	1251948	45	N	N	1	right	*	-737,315
contig_316	1266780	45	N	N	1	none	*	-332,-332,-332,-332,-332,-332,-332,-332,-332,-332,-332,-332,-332,-332,-332,-332,-332,-332,-332,-332,-332,-332,-332,-332,-332,-332,-332,-332,-332,-332,-332,-332,-332,-332,-332,-332,-332,-332,-332,-332,-332,-332,-332,-332,-332,-332,-332,-332,-332,-332,316,118,118,118,118,118,118,118,118,118,118,118,118,118,118,118,118,118,118,118,118,146,118,118,118,118,118,118,118,118,118
contig_320	20829	24	N	N	1	none	*	318,318,318,318,318,318,318,318,318,318,318,318,318,318,318,318,318,318,318,318,318,318,318,318,318,318,318,318,318,318,318,318,318,318,318,318,318,318,318,318,318,318,318,318,318,318,318,318,318,318,318,318,318,318,318,318,318,318,318,318,318,318,318,318,318,320,722
contig_321	330828	7	N	N	1	left	*	321
contig_326	127387	45	N	N	1	none	*	324,325,326,-767,-328,-325
contig_327	253833	45	N	N	1	none	*	327,-753,-85,-199,-84
contig_329	57016	45	N	N	1	none	*	754,-330,329,-754
contig_331	245974	47	N	N	1	none	*	331,-517,518,-517,518
contig_333	349890	45	N	N	1	none	*	333,334
contig_335	257693	49	N	N	1	none	*	-334,335
contig_336	705717	7	N	N	1	left	*	-287,-16,336,-337
contig_343	783	44	N	N	1	none	*	343
contig_346	162066	55	N	N	1	none	*	686,686,687,686,686,687,686,687,686,686,687,686,686,687,686,686,687,686,686,687,686,346,-345
contig_347	67157	5	Y	N	1	none	*	347
contig_350	228592	46	N	N	1	none	*	350,666,668,670,-669,-666,667
contig_352	871328	46	N	N	1	none	*	352,631
contig_365	7545	4	N	N	1	none	*	361,362,365
contig_368	328554	47	N	N	1	none	*	631,368
contig_374	66613	48	N	N	1	none	*	-795,-644,-815,-643,-18,-12,17,-371,-371,374
contig_375	725281	46	N	N	1	none	*	-371,-371,375
contig_377	7297	17	N	N	1	none	*	377,-376
contig_388	93266	50	N	N	1	none	*	388,-389
contig_392	80635	50	N	N	1	none	*	28,-381,380,382,-391,392,782
contig_396	148105	41	N	N	1	none	*	395,395,395,395,395,395,395,395,395,395,395,395,395,395,395,395,395,395,395,395,395,395,395,395,395,395,395,395,395,395,395,395,395,395,396,784
contig_397	60033	44	N	N	1	none	*	397,-512,511
contig_405	42811	49	N	N	1	right	*	405
contig_406	21667	43	N	N	1	none	*	406,407
contig_410	292964	44	N	N	1	none	*	-409,410
contig_412	293629	45	N	N	1	none	*	412,-582,-811
contig_413	281727	43	N	N	1	none	*	411,413,417
contig_414	282186	45	N	N	1	none	*	-777,411,414,812
contig_416	342001	45	N	N	1	none	*	590,416,417
contig_419	15087	43	N	N	1	none	*	-594,-778,419,-590
contig_422	294588	45	N	N	1	left	*	422,-421,423,-421,-780,-421,423
contig_424	99471	47	N	N	1	both	*	424
contig_434	43081	41	N	N	1	none	*	427,428,781,432,434,605
contig_435	38069	54	N	N	1	none	*	386,435,-672,-429,430
contig_436	45374	48	N	N	1	both	*	436
contig_440	7417	13	N	N	1	none	*	441,440
contig_444	110704	44	N	N	1	none	*	-784,444,658,660,658,660,657,658,660,658,660,658
contig_446	888456	46	N	N	1	none	*	445,445,445,445,445,445,445,445,445,445,445,445,445,445,445,445,445,445,445,445,445,445,445,445,445,445,445,445,445,445,445,445,445,445,445,445,445,445,445,445,445,445,445,445,445,445,445,445,445,445,445,445,445,445,445,446
contig_447	9186	41	N	N	1	none	*	447
contig_453	104635	46	N	N	1	left	*	453
contig_458	54903	48	N	N	1	none	*	458,-533,-532,-455,456,-455,-454
contig_459	697000	45	N	N	1	none	*	515,-514,515,-514,459
contig_460	115093	11	N	N	1	left	*	460,461
contig_470	16339	0	N	N	1	both	*	470
contig_482	161221	46	N	N	1	none	*	-481,482
contig_485	17300	24	N	N	1	none	*	485
contig_486	516507	45	N	N	1	none	*	-660,-658,-660,-658,-660,-658,-660,-658,-660,-658,486
contig_487	10420	13	N	N	1	both	*	487
contig_489	81684	50	N	N	1	none	*	489
contig_491	20781	41	N	N	1	none	*	431,491,-431
contig_492	7696	0	N	N	1	both	*	492
contig_495	54498	39	N	N	1	none	*	494,496,494,496,494,496,494,496,494,496,494,496,494,496,493,495,-496,-494,-493,-496,-494,-493,-496,-494,-493,-496,-494,-493,-496,-494,-493,-496,-494,-496,-494
contig_497	780181	46	N	N	1	none	*	497,790
contig_498	51156	41	N	N	1	none	*	498,674,676,-645
contig_499	597684	46	N	N	1	none	*	-790,499,-539
contig_500	30333	45	N	N	1	none	*	790,500,-790
contig_513	713478	45	N	N	1	none	*	512,513,-765
contig_516	233885	47	N	N	1	none	*	516
contig_519	253901	9	N	N	1	left	*	519,520,522
contig_521	34759	12	N	N	1	none	*	-522,-520,521,619,-618
contig_523	5776	21	N	N	1	none	*	-522,523
contig_524	251765	10	N	N	1	none	*	524
contig_526	222923	44	N	N	1	none	*	526,528,799
contig_534	414103	46	N	N	1	none	*	-456,455,532,533,534
contig_540	323947	9	N	N	1	both	*	540
contig_541	44609	37	N	N	1	none	*	805,541,-805
contig_542	107143	43	N	N	1	none	*	-805,542,805
contig_543	55203	13	N	N	1	left	*	543,545
contig_546	65540	7	N	N	1	none	*	546
contig_547	339293	7	N	N	1	none	*	547,549,-548
contig_550	4592	0	N	N	1	both	*	550
contig_551	489587	7	N	N	1	none	*	551
contig_552	5582	31	N	N	1	none	*	552
contig_553	3623	0	N	N	1	both	*	553
contig_554	1854	2	N	N	1	both	*	554
contig_555	4920	70	N	N	1	both	*	555
contig_559	72896	49	N	N	1	none	*	-556,557,559,-557,556,558
contig_562	72855	63	N	N	1	none	*	562,-631
contig_564	14396	74	N	N	1	both	*	564
contig_569	94909	50	N	N	1	none	*	-280,760,-280,760,-280,760,569
contig_570	20166	61	N	N	1	both	*	570
contig_571	22632	49	N	N	1	none	*	571,-765,-764
contig_572	224537	9	N	N	1	none	*	572,574,-573
contig_575	7052	25	N	N	1	both	*	575
contig_576	71670	49	N	N	1	right	*	576
contig_577	181883	46	N	N	1	none	*	577
contig_580	112559	42	N	N	1	none	*	-811,580,-579,-810,-583,810
contig_584	476240	45	N	N	1	none	*	582,584,-586,588,-586,588,-586,588,-586,588,-586,587
contig_585	270629	47	N	N	1	none	*	-587,585,590
contig_591	103121	44	N	N	1	none	*	-590,591,812
contig_599	79581	44	N	N	1	none	*	812,599,-812
contig_600	25056	44	N	N	1	none	*	600
contig_601	406553	8	N	N	1	left	*	601,-604
contig_606	183628	48	N	N	1	right	*	606
contig_610	41947	44	N	N	1	none	*	610,605
contig_613	35914	32	N	N	1	none	*	-371,-371,-371,373,612,613,-539
contig_620	220219	47	N	N	1	none	*	784,620,-784
contig_622	152106	46	N	N	1	none	*	621,622,815,644
contig_623	349532	45	N	N	1	none	*	376,623,-394,773
contig_629	6733	77	N	N	1	both	*	629
contig_633	313676	45	N	N	1	none	*	699,-702,-699,633,-698,-698,-698
contig_637	328644	46	N	N	1	none	*	-814,637,-7,-7,-7,-7,-7,-7,-7,-7,-7,-7,-7,-7,-7,-7,-7,-7,-7,-7,-7,-7,-7,-7,-7,-7,-7,-7,-7,-7,-7,-7,-7,-7,-7,-7,-7,-7,-7,-7,-7,-7,-7,-7,-7,-7,-7,-7,-7,-7,-7,-7,-7,-7,-7,-7,-7,-7,-7,-7,-7,-7,-7,-7,-7,-7,-7,-7,-7,-7,-7,-7,-7,-7,-7,-7,-7,-7,-7,-7,-7,-7,-7,-7,-7,-7,-7,-7,-7,-7,-7,-7,-7,-7,-7,-7,-7,-7,-7,-7,-7,-7,-7,-7,-7,-7,-7,-7,-7,-7,-7,-7,-7,-7,-7,-7,-7,-7,-7,-7,-7,-7,-7,-7,-7,-7,-7,-7,-7,-7,-7,-7,-7,-7,-7,-7,-7,-7,-7,-7,-7,-7,-7,-7,-7,-7,-7,-7,-7,-7,-7,-7,-7,-7,-7,-7,-7,-7,-7,-7,-7,-7,-7,-7,-7,-7,-7,-7,-7,-7,-7,-7,-7,-7,-7,-7,-7,-7,-7,-7,-7,-7,-7,-7,-7,-7
contig_642	26929	46	N	N	1	none	*	798,-641,642
contig_649	45670	47	N	N	1	none	*	816,649,651
contig_650	30887	52	N	N	1	none	*	816,650,-817
contig_653	20267	42	N	N	1	none	*	651,653,816
contig_654	479043	46	N	N	1	none	*	654,655
contig_659	42891	47	N	N	1	none	*	659
contig_675	6837	41	N	N	1	none	*	675
contig_678	48931	50	N	N	1	none	*	677,678,-677
contig_680	164080	46	N	N	1	none	*	-677,680,-366,-362,364,611,-366,-362,363
contig_681	786572	46	N	N	1	none	*	-677,681,-758,261,-758,261,-758,756
contig_683	35517	42	N	N	1	none	*	682,683,-682
contig_684	48752	52	N	N	1	both	*	684
contig_685	25717	47	N	N	1	none	*	685
contig_688	1132	0	N	N	1	both	*	688
contig_689	1183	0	N	N	1	both	*	689
contig_696	719060	45	N	N	1	none	*	696,824
contig_697	31016	45	N	N	1	none	*	824,697,-824
contig_700	1822	20	N	N	1	none	*	700
contig_701	9793	20	N	N	1	none	*	701
contig_704	22317	48	N	N	1	none	*	704,705,705,705,705,705,705,705,705,705,705,705,705,706,706,706,706,706,706,706,706,706,706,706,706,707,706,706,706,706,706,706,706,706,706,706,706,706,706,706,706,706,707,706,706,706,706,706,706,706,706,706,706,706,706,706,706,706,706,706,706,706,706,706,706,706,706,706,706,706,706,706,706,706
contig_708	15311	48	N	N	1	both	*	708
contig_709	212287	48	N	N	1	none	*	714,-715,-714,-713,361,362,367,709
contig_710	2585	34	N	N	1	none	*	710
contig_711	492683	46	N	N	1	none	*	-713,711,716,825,719,-825
contig_717	304758	47	N	N	1	none	*	-825,-716,717
contig_718	137785	47	N	N	1	none	*	-719,-825,718
contig_724	388093	44	N	N	1	right	*	724
contig_725	144463	48	N	N	1	left	*	725
contig_730	125719	45	N	N	1	left	*	730
contig_731	60452	84	N	N	1	none	*	731
contig_732	17896	55	N	N	1	none	*	732
contig_738	46554	56	N	N	1	none	*	737,738,-737
contig_769	144655	53	N	N	1	none	*	353,768,769,418,778,-594
contig_770	117416	71	N	N	1	none	*	-631,770
contig_771	242261	45	N	N	1	none	*	771
contig_774	128987	44	N	N	1	right	*	773,394,774
contig_776	64248	44	N	N	1	none	*	409,776,-409
contig_779	483913	8	N	N	1	both	*	779,420,420,420,420,420,420,420,420,420
contig_783	122646	17	N	N	1	none	*	783,439
contig_786	6394	49	Y	N	1	none	*	786
contig_791	1582709	9	N	N	1	left	*	-501,791,520,522
contig_793	110704	13	Y	N	1	none	*	793
contig_796	13184	47	N	N	1	none	*	796
contig_801	8165	85	N	N	1	none	*	801
contig_803	5628	52	N	N	1	both	*	803
contig_804	851525	9	N	N	1	both	*	804,818
contig_807	144998	48	N	N	1	none	*	531,538,-530,-799,529,807
contig_808	98992	52	N	N	1	none	*	808
contig_820	171822	8	Y	N	1	none	*	820
contig_822	6013	80	Y	N	1	none	*	822
contig_823	68034	9	Y	N	1	none	*	823
contig_826	8785	20	Y	N	1	none	*	826
contig_2	504	1	N	Y	1	none	*	2
contig_9	518	10	N	Y	1	none	*	9
contig_10	4348	3	N	Y	1	none	*	10
contig_11	518	45	N	Y	1	none	*	11
contig_13	3211	1	N	Y	1	none	*	13
contig_14	833	6	N	Y	1	none	*	14
contig_33	595	336	N	Y	5	none	*	33
contig_34	596	147	N	Y	2	none	*	34
contig_36	7053	238	N	Y	4	none	*	36
contig_39	12197	124	N	Y	2	none	*	39
contig_40	4558	100	N	Y	2	none	*	40
contig_45	653	47	N	Y	1	none	*	45
contig_46	1307	108	N	Y	2	none	*	46
contig_67	3117	50	N	Y	1	none	*	67
contig_76	1294	1653	N	Y	26	none	*	76
contig_87	615	73	N	Y	1	none	*	87
contig_89	542	201	N	Y	3	none	*	89
contig_92	4651	49	N	Y	1	none	*	92
contig_97	2692	59	N	Y	1	none	*	97
contig_99	529	165	N	Y	3	none	*	99
contig_101	2109	51	N	Y	1	none	*	101
contig_103	524	207	N	Y	3	none	*	103
contig_107	611	1981	N	Y	31	none	*	107
contig_108	579	1641	N	Y	26	none	*	108
contig_109	2134	1063	N	Y	17	none	*	109
contig_110	839	1985	N	Y	32	none	*	110
contig_111	604	919	N	Y	15	none	*	111
contig_112	765	154	N	Y	2	none	*	112
contig_113	4479	61	N	Y	1	none	*	113
contig_116	2972	1	N	Y	1	none	*	116
contig_117	761	62	N	Y	1	none	*	117
contig_126	511	235	N	Y	4	none	*	126
contig_130	2926	78	N	Y	1	none	*	130
contig_131	3966	45	N	Y	1	none	*	131
contig_132	1682	186	N	Y	3	none	*	132
contig_133	2896	66	N	Y	1	none	*	133
contig_134	2126	431	N	Y	7	none	*	134
contig_137	821	133	N	Y	2	none	*	137
contig_139	1963	63	N	Y	1	none	*	139
contig_140	4321	49	N	Y	1	none	*	140
contig_141	511	242	N	Y	4	none	*	141
contig_142	5916	97	N	Y	2	none	*	142
contig_143	3845	75	N	Y	1	none	*	143
contig_144	1238	55	N	Y	1	none	*	144
contig_145	1949	51	N	Y	1	none	*	145
contig_149	2764	419	N	Y	7	none	*	149
contig_151	2051	46	N	Y	1	none	*	151
contig_152	1452	3	N	Y	1	none	*	152
contig_153	3086	1	N	Y	1	none	*	153
contig_155	2816	57	N	Y	1	none	*	155
contig_158	3230	56	N	Y	1	none	*	158
contig_159	2655	43	N	Y	1	none	*	159
contig_160	500	53591	N	Y	851	none	*	160
contig_161	2003	43	N	Y	1	none	*	161
contig_162	4291	39	N	Y	1	none	*	162
contig_163	1970	47	N	Y	1	none	*	163
contig_165	504	46	N	Y	1	none	*	165
contig_166	846	67	N	Y	1	none	*	166
contig_168	778	57	N	Y	1	none	*	168
contig_169	545	236	N	Y	4	none	*	169
contig_171	2173	1	N	Y	1	none	*	171
contig_174	1166	146	N	Y	2	none	*	174
contig_175	1905	68	N	Y	1	none	*	175
contig_176	2108	38	N	Y	1	none	*	176
contig_177	821	54	N	Y	1	none	*	177
contig_178	3914	44	N	Y	1	none	*	178
contig_179	2653	53	N	Y	1	none	*	179
contig_180	808	60	N	Y	1	none	*	180
contig_182	1258	52	N	Y	1	none	*	182
contig_184	12687	92	N	Y	1	none	*	184
contig_193	2149	32	N	Y	1	none	*	193
contig_246	17334	62	N	Y	1	none	*	246
contig_263	692	5	N	Y	1	none	*	263
contig_264	679	1	N	Y	1	none	*	264
contig_265	1432	2	N	Y	1	none	*	265
contig_266	1424	1	N	Y	1	none	*	266
contig_267	1939	1	N	Y	1	none	*	267
contig_268	2821	1	N	Y	1	none	*	268
contig_269	996	3	N	Y	1	none	*	269
contig_270	509	2	N	Y	1	none	*	270
contig_271	510	3	N	Y	1	none	*	271
contig_272	773	6	N	Y	1	none	*	272
contig_273	702	48	N	Y	1	none	*	273
contig_275	847	2	N	Y	1	none	*	275
contig_281	760	161	N	Y	3	none	*	281
contig_290	1020	1	N	Y	1	none	*	290
contig_291	855	367	N	Y	6	none	*	291
contig_292	676	1	N	Y	1	none	*	292
contig_293	588	1	N	Y	1	none	*	293
contig_297	649	11	N	Y	1	none	*	297
contig_298	2153	1	N	Y	1	none	*	298
contig_299	575	1	N	Y	1	none	*	299
contig_301	4941	1	N	Y	1	none	*	301
contig_302	757	112	N	Y	2	none	*	302
contig_311	4718	179	N	Y	3	none	*	311
contig_312	1607	152	N	Y	2	none	*	312
contig_313	711	1567	N	Y	25	none	*	313
contig_314	1614	212	N	Y	3	right	*	314
contig_317	7412	16	Y	Y	1	none	2	317
contig_319	1424	6	N	Y	1	none	*	319
contig_322	2243	42	N	Y	1	both	30	322
contig_323	2239	35	N	Y	1	both	30	323
contig_324	38852	87	N	Y	1	none	*	324
contig_334	43599	89	N	Y	1	none	*	334
contig_338	4629	13	Y	Y	1	none	4	338
contig_341	5106	118	Y	Y	2	none	*	341
contig_345	57264	60	N	Y	1	none	*	345
contig_354	966	165	N	Y	3	none	*	354
contig_355	3167	148	N	Y	2	none	*	355
contig_357	2384	130	N	Y	2	none	*	357
contig_359	983	936	N	Y	15	none	*	359
contig_363	4650	381	N	Y	6	none	*	363
contig_369	3041	18	N	Y	1	both	32	369
contig_370	2768	25	N	Y	1	both	32	370
contig_372	583	582	N	Y	9	none	*	372
contig_384	585	183	N	Y	3	none	*	384
contig_389	13966	321	N	Y	5	none	*	389
contig_390	555	91	N	Y	1	none	*	390
contig_398	513	1934	N	Y	31	none	*	398
contig_399	512	1472	N	Y	23	none	*	399
contig_400	529	1851	N	Y	29	none	*	400
contig_401	839	1	N	Y	1	none	*	401
contig_402	764	1951	N	Y	31	none	*	402
contig_403	685	1937	N	Y	31	none	*	403
contig_404	3188	2005	N	Y	32	none	*	404
contig_415	7200	133	Y	Y	2	none	*	415
contig_417	21377	81	N	Y	1	none	*	417
contig_425	550	224	N	Y	4	both	34	425
contig_426	1064	97	N	Y	2	both	34	426
contig_427	4574	320	N	Y	5	none	*	427
contig_430	19522	143	N	Y	2	none	*	430
contig_433	674	242	N	Y	4	none	*	433
contig_438	2351	166	Y	Y	3	none	*	438
contig_439	15293	7	N	Y	1	none	*	439
contig_441	6752	43	N	Y	1	none	*	441
contig_442	1469	14	N	Y	1	both	36	442
contig_443	1680	26	N	Y	1	both	36	443
contig_448	7422	115	Y	Y	2	none	*	448
contig_449	979	1	N	Y	1	both	38	449
contig_450	1028	57	N	Y	1	both	38	450
contig_451	2863	1	N	Y	1	both	40	451
contig_452	2881	55	N	Y	1	both	40	452
contig_462	17989	12	N	Y	1	both	42	462
contig_463	14745	0	N	Y	1	both	42	463
contig_465	2172	0	N	Y	1	both	44	465
contig_466	39387	44	N	Y	1	both	44	466
contig_474	511	1946	N	Y	31	none	*	474
contig_475	740	1990	N	Y	32	none	*	475
contig_476	534	1648	N	Y	26	none	*	476
contig_477	534	1953	N	Y	31	none	*	477
contig_478	534	3510	N	Y	56	none	*	478
contig_479	535	1858	N	Y	29	none	*	479
contig_480	690	1921	N	Y	30	none	*	480
contig_490	12163	85	N	Y	1	none	*	490
contig_502	8171	5	N	Y	1	right	*	502
contig_503	572	1856	N	Y	29	none	*	503
contig_504	605	1999	N	Y	32	none	*	504
contig_505	5517	1918	N	Y	30	none	*	505
contig_506	500	3878	N	Y	62	none	*	506
contig_507	704	10	N	Y	1	none	*	507
contig_508	1282	1882	N	Y	30	none	*	508
contig_525	3301	4	N	Y	1	none	*	525
contig_535	23795	131	N	Y	2	none	*	535
contig_544	38003	6	N	Y	1	both	46	544
contig_561	38599	43	Y	Y	1	none	6	561
contig_565	4189	26	N	Y	1	both	48	565
contig_566	8627	26	N	Y	1	both	48	566
contig_578	3447	122	N	Y	2	none	*	578
contig_581	3699	103	N	Y	2	none	*	581
contig_589	5313	55	Y	Y	1	none	8	589
contig_590	17913	90	N	Y	1	none	*	590
contig_592	2397	46	N	Y	1	both	50	592
contig_593	601	54	N	Y	1	both	50	593
contig_594	5487	92	N	Y	1	none	*	594
contig_595	22944	48	N	Y	1	both	52	595
contig_596	1710	43	N	Y	1	both	52	596
contig_597	6605	44	Y	Y	1	none	10	597
contig_602	2243	1	N	Y	1	both	54	602
contig_603	2404	5	N	Y	1	both	54	603
contig_605	24443	86	N	Y	1	none	*	605
contig_616	2972	1	N	Y	1	both	56	616
contig_617	3004	10	N	Y	1	both	56	617
contig_621	21395	91	N	Y	1	none	*	621
contig_624	12003	46	Y	Y	1	none	12	624
contig_627	11319	45	N	Y	1	both	58	627
contig_628	10788	32	N	Y	1	both	58	628
contig_630	7214	38	Y	Y	1	none	14	630
contig_631	38171	83	N	Y	1	none	*	631
contig_632	6312	41	Y	Y	1	none	16	632
contig_634	6639	29	Y	Y	1	none	18	634
contig_639	6768	42	Y	Y	1	none	20	639
contig_648	5327	19	Y	Y	1	none	22	648
contig_651	12779	89	N	Y	1	none	*	651
contig_652	4076	53	Y	Y	1	none	24	652
contig_655	24458	82	N	Y	1	none	*	655
contig_656	2263	41	N	Y	1	none	*	656
contig_663	3964	0	N	Y	1	both	60	663
contig_664	5229	47	N	Y	1	both	60	664
contig_665	5740	119	Y	Y	2	none	*	665
contig_667	8617	77	N	Y	1	none	*	667
contig_671	1982	286	N	Y	5	none	*	671
contig_673	7771	93	Y	Y	1	none	*	673
contig_677	55531	90	N	Y	1	none	*	677
contig_679	6906	51	N	Y	1	both	62	679
contig_682	39307	92	N	Y	1	none	*	682
contig_691	3018	194	N	Y	3	none	*	691
contig_692	563	205	N	Y	3	none	*	692
contig_693	4404	117	Y	Y	2	none	*	693
contig_712	7795	53	N	Y	1	none	*	712
contig_720	4400	115	Y	Y	2	none	*	720
contig_722	19499	7	N	Y	1	none	*	722
contig_723	4872	113	Y	Y	2	none	*	723
contig_733	46213	42	N	Y	1	both	64	733
contig_734	21273	43	N	Y	1	both	64	734
contig_735	1772	41	N	Y	1	both	66	735
contig_736	783	53	N	Y	1	both	66	736
contig_737	41001	95	N	Y	2	none	*	737
contig_739	32403	41	N	Y	1	none	*	739
contig_754	29044	87	N	Y	1	none	*	754
contig_755	2049	1733	N	Y	28	none	*	755
contig_756	4933	49	N	Y	1	none	*	756
contig_757	6487	88	N	Y	1	none	*	757
contig_761	18461	130	N	Y	2	none	*	761
contig_762	36900	142	N	Y	2	none	*	762
contig_763	4188	308	N	Y	5	none	*	763
contig_772	4133	305	Y	Y	5	none	26	772
contig_773	39503	44	N	Y	1	none	*	773
contig_775	9222	1895	N	Y	30	none	*	775
contig_782	17048	137	N	Y	2	none	*	782
contig_784	36920	89	N	Y	1	none	*	784
contig_788	31885	107	N	Y	2	none	*	788
contig_789	4476	1939	N	Y	31	none	*	789
contig_790	46248	85	N	Y	1	none	*	790
contig_792	4553	1908	N	Y	30	none	*	792
contig_794	32421	5	N	Y	1	left	*	794
contig_795	7375	128	N	Y	2	none	*	795
contig_798	21014	188	N	Y	3	none	*	798
contig_802	2294	83	Y	Y	1	none	28	802
contig_805	26252	78	N	Y	1	none	*	805
contig_806	38416	5	N	Y	1	both	46	806
contig_809	20564	132	Y	Y	2	none	*	809
contig_812	26795	94	N	Y	1	none	*	812
contig_816	27453	100	N	Y	2	none	*	816
contig_817	38124	89	N	Y	1	none	*	817
contig_819	30933	134	N	Y	2	none	*	819
contig_821	24647	42	N	Y	1	both	62	821
contig_824	28319	81	N	Y	1	none	*	824
